!type	heatmap
!colorgradient	255,255,255	0,0,0
!showlegends	1
!plotWidth	600
!title	BGC class presence
GCF_014860165.1	1	1	1	1	0	0	0	0	1	0	0	0	0	0	0	0	0	0	0	0
GCF_007859655.1	1	1	1	0	0	0	0	0	1	0	0	1	0	0	0	0	0	0	0	0
GCF_024707105.1	1	1	1	0	0	0	0	0	1	0	0	0	0	0	0	0	0	0	0	0
GCF_001426345.1	1	1	1	0	0	0	0	0	1	0	0	0	0	0	0	0	0	0	0	0
GCF_001427605.1	1	1	1	0	0	0	0	0	1	0	0	0	0	0	0	0	0	0	0	0
GCF_016698645.1	1	1	1	0	0	0	0	0	0	0	0	0	0	0	0	0	0	0	0	0
GCF_022429625.1	1	1	1	0	0	0	0	1	0	0	0	0	0	1	0	0	0	0	0	0
GCF_021729885.1	1	1	0	0	0	1	1	1	0	0	0	0	0	1	0	0	0	0	0	0
GCF_005222805.1	1	1	1	1	0	0	0	0	0	1	0	0	0	0	0	0	0	0	0	0
GCF_028816435.1	1	1	1	1	1	1	0	0	0	0	0	0	0	0	0	0	0	0	0	0
GCF_055808475.1	1	1	1	1	1	1	0	0	0	0	0	0	0	0	0	0	0	0	0	0
GCF_977186645.1	1	0	1	1	1	0	0	0	0	0	0	0	0	0	0	0	0	0	0	0
GCF_018334155.1	1	1	1	1	1	1	0	0	0	0	0	0	0	0	0	0	0	0	0	0
GCF_977243345.1	1	0	1	1	1	1	0	0	0	0	0	0	0	0	0	0	0	0	0	0
GCA_977254065.1	1	0	1	1	1	1	0	0	0	0	0	0	0	0	0	0	0	0	0	0
GCA_977190485.1	1	0	1	1	1	1	0	0	0	0	0	0	0	0	0	0	0	0	0	0
GCA_977202345.1	1	0	1	1	1	1	0	0	0	0	0	0	0	0	0	0	0	0	0	0
GCF_051302775.1	1	1	1	1	1	1	0	0	0	0	0	0	0	0	0	0	0	0	0	0
GCA_977242165.1	1	1	1	1	1	1	0	0	0	0	0	0	0	0	0	0	0	0	0	0
GCA_977206845.1	1	0	1	1	1	1	0	0	0	0	0	0	0	0	0	0	0	0	0	0
GCF_027214225.1	1	1	1	1	1	1	0	0	0	0	0	0	0	0	0	0	0	0	0	0
GCF_977256975.1	1	0	1	1	1	1	0	0	0	0	0	0	0	0	0	0	0	0	0	0
GCF_014926585.1	1	1	1	1	1	0	0	0	1	1	0	0	0	0	0	0	0	0	0	0
GCF_046614475.1	1	1	1	0	0	0	0	0	0	0	0	0	0	0	0	0	0	0	0	0
GCF_036563435.1	1	1	1	1	0	0	0	0	0	0	0	0	0	0	0	0	0	0	0	0
GCF_060038265.1	1	1	1	0	1	0	0	0	0	0	0	1	1	0	0	0	0	0	0	0
GCF_900110945.1	1	1	1	0	0	0	0	0	0	0	0	0	0	0	0	0	0	0	0	0
GCF_900112505.1	1	1	1	0	0	0	0	0	0	1	0	0	0	0	0	0	0	0	0	0
GCF_055397495.1	1	1	1	0	0	0	0	1	0	0	0	0	0	0	0	0	0	0	0	0
GCF_054489345.1	1	1	1	0	0	0	0	0	1	0	0	1	1	0	0	0	0	0	0	0
GCF_030159855.1	1	1	1	0	0	0	0	0	0	0	1	0	0	0	0	0	0	0	0	0
GCF_000735585.1	1	1	1	1	0	0	0	0	1	0	1	0	0	0	0	0	0	0	0	0
GCF_025452235.1	1	1	1	0	0	0	0	0	0	0	1	0	0	0	0	0	0	0	0	0
GCF_044987315.1	1	1	1	0	0	0	0	0	0	0	1	0	0	0	0	0	0	0	0	0
GCF_029201545.1	1	1	0	0	0	0	0	0	0	0	0	0	0	0	0	0	0	0	0	0
GCF_015234425.1	1	1	0	0	0	0	0	1	0	0	0	0	0	0	0	0	0	0	0	0
GCF_029201565.1	1	1	0	0	0	0	0	0	0	0	0	0	0	0	0	0	0	0	0	0
GCF_059070485.1	1	1	1	0	0	0	0	0	0	0	0	0	0	0	0	0	0	0	0	0
GCF_900116545.1	1	1	1	0	1	0	0	0	0	0	0	0	0	0	0	0	0	0	0	0
GCF_000970455.1	1	1	1	0	0	0	1	0	0	0	0	0	0	0	0	0	0	0	0	0
GCF_001427875.1	1	1	1	0	0	0	0	0	0	0	0	0	0	0	0	0	0	0	0	0
GCF_977014175.1	1	1	1	0	0	0	0	0	0	0	0	0	0	0	0	0	0	0	0	0
GCF_964252865.1	1	1	1	0	0	0	0	0	0	0	0	0	0	0	0	0	0	0	0	0
GCF_017744655.1	1	1	1	0	0	0	0	0	0	0	0	0	0	0	0	0	0	0	0	0
GCF_000743575.1	1	1	1	0	0	0	0	0	0	0	0	0	0	0	0	0	0	0	0	0
GCF_032907385.1	1	1	1	0	0	1	1	0	0	0	0	0	0	0	0	0	0	0	0	0
GCF_001421945.1	1	1	1	0	0	1	1	0	0	0	0	0	0	0	0	0	0	0	0	0
GCF_001425445.1	1	1	1	0	0	1	1	0	0	0	0	0	0	0	0	0	0	0	0	0
GCF_016698665.1	1	1	1	0	0	0	0	0	0	0	0	0	0	0	0	0	0	0	0	0
GCF_014837245.1	1	1	1	0	1	0	0	0	0	1	0	0	0	0	0	0	0	0	0	0
GCF_900177655.1	1	1	1	0	1	0	0	0	0	0	0	0	1	0	0	0	0	0	0	1
GCF_016411825.1	1	1	0	0	0	0	0	0	0	0	0	0	0	0	0	0	0	0	0	0
GCF_056341075.1	1	1	0	0	0	0	0	0	0	0	0	0	0	0	0	0	0	0	0	0
GCF_024273195.1	1	1	1	1	1	1	0	0	1	0	0	0	0	0	0	0	0	0	0	0
GCF_024273205.1	1	1	1	1	1	1	0	0	1	0	0	0	0	0	0	0	0	0	0	0
GCF_054482695.1	1	1	1	1	1	0	0	0	0	0	0	0	1	0	0	0	0	0	0	0
GCF_019504385.1	1	1	0	1	1	0	0	0	0	0	0	1	0	0	0	0	0	0	0	0
GCF_037113415.1	1	1	1	1	1	0	1	0	0	0	0	0	0	0	0	0	0	0	0	0
GCF_042181575.1	1	1	0	1	1	0	0	1	0	0	0	0	0	1	0	0	0	0	0	0
GCF_014197055.1	1	1	0	1	1	0	0	0	0	0	0	1	0	0	0	0	0	0	0	0
GCF_024158985.1	1	1	0	1	1	0	0	0	0	0	0	1	0	0	0	0	0	0	0	0
GCF_059724365.1	1	1	1	1	1	0	0	0	0	0	0	0	0	0	0	0	0	0	0	0
GCF_002949085.1	1	1	1	1	1	0	0	0	0	0	0	0	0	0	0	0	0	0	0	0
GCF_003056405.1	1	1	1	1	1	0	0	0	0	0	0	0	0	0	0	0	0	0	0	0
GCF_059726835.1	1	1	1	1	1	0	0	0	1	0	0	0	0	0	0	0	0	0	0	0
GCF_040223715.1	1	1	0	1	1	0	0	0	0	0	0	0	0	0	0	0	0	0	0	0
GCF_009758415.1	1	1	1	1	1	0	0	0	0	0	0	0	0	0	0	0	0	0	0	0
GCF_025809055.1	1	1	1	0	0	0	0	0	0	0	0	0	0	0	0	0	1	0	0	0
GCF_042648785.1	1	1	1	0	0	1	0	0	0	0	0	0	0	0	0	0	0	1	1	0
GCF_015158295.1	1	1	0	0	0	1	0	0	0	0	0	1	1	0	0	0	0	0	0	0
GCF_030285925.1	1	0	1	0	0	0	0	0	0	0	0	0	0	0	0	0	0	0	0	0
GCF_000969445.1	1	1	1	0	1	0	0	0	0	0	0	0	0	0	0	0	0	0	0	0
GCF_001650025.1	1	1	0	0	0	0	0	0	0	0	0	0	0	0	0	0	0	0	0	0
GCF_001899045.1	1	1	1	0	0	0	1	0	0	0	0	0	0	0	0	0	0	0	0	0
GCF_042679405.1	1	1	1	0	0	0	1	0	0	0	0	0	0	0	0	0	0	0	0	0
GCF_900631955.1	1	1	1	0	0	0	1	0	0	0	0	0	0	0	0	0	0	0	0	0
GCF_012847305.1	1	1	1	1	0	0	0	1	0	0	0	0	0	0	0	0	0	0	0	0
GCF_014127105.1	1	1	1	0	0	0	0	1	0	0	0	0	0	0	0	0	0	0	0	0
GCF_016457235.1	1	1	1	0	0	0	0	1	0	0	0	0	0	0	0	0	0	0	0	0
GCF_016461625.1	1	1	1	0	0	0	0	1	0	0	0	0	0	0	0	0	0	0	0	0
GCF_016595685.1	1	1	1	0	0	0	0	1	0	0	0	0	0	0	0	0	0	0	0	0
GCF_030177755.1	1	1	0	0	1	1	0	0	0	0	0	0	0	0	0	0	0	0	0	0
GCF_042685625.1	1	0	0	0	0	0	0	0	1	0	0	0	0	0	0	0	0	0	0	0
GCF_058133665.1	1	1	0	0	0	1	0	1	0	0	0	0	0	1	0	0	0	0	0	0
GCF_013185955.1	1	1	0	0	0	1	0	1	0	0	0	0	0	1	0	0	0	0	0	0
GCF_013185965.1	1	1	0	0	0	1	0	1	0	0	0	0	0	1	0	0	0	0	0	0
GCF_004005995.1	1	1	0	0	0	1	0	1	1	0	0	0	0	1	0	0	0	0	0	0
GCF_058133495.1	1	1	0	0	0	1	0	1	0	0	0	0	0	1	0	0	0	0	0	0
GCF_000970435.1	1	1	1	0	1	1	0	0	1	0	0	1	1	0	0	0	0	0	0	0
GCF_900128975.1	1	1	1	0	1	1	0	0	1	0	0	1	1	0	0	0	0	0	0	0
GCF_028290625.1	1	1	1	0	0	0	0	0	0	1	0	0	0	0	0	0	0	0	0	0
GCF_028290435.1	1	1	1	0	0	0	0	0	0	1	0	0	0	0	0	0	0	0	0	0
GCF_040546795.1	1	1	1	0	0	0	0	0	0	1	0	0	0	0	0	0	0	0	0	0
GCA_943372435.1	1	1	1	0	0	1	0	0	0	0	0	0	0	0	0	0	0	0	0	0
GCF_001899065.1	1	1	0	0	0	0	1	0	0	0	0	0	0	0	0	0	0	0	0	0
GCF_001899075.1	1	1	1	0	0	0	0	0	1	0	0	0	0	0	0	0	0	0	0	0
GCF_017307475.1	1	1	1	0	0	0	0	0	1	0	0	0	0	0	0	0	0	0	0	0
GCF_055808595.1	1	0	1	1	0	0	1	0	0	0	0	0	0	0	0	0	0	0	0	0
GCF_048261455.1	1	0	1	1	0	0	1	0	1	0	0	0	0	0	0	0	0	0	0	0
GCF_056403495.1	1	0	0	0	0	0	1	0	0	1	0	0	0	0	0	0	0	0	0	0
GCF_056402875.1	1	0	0	0	0	0	1	0	0	1	0	0	0	0	0	0	0	0	0	0
GCF_056405135.1	1	0	0	0	0	0	1	0	0	1	0	0	0	0	0	0	0	0	0	0
GCF_964252795.1	1	0	0	0	0	0	1	1	0	1	1	0	0	0	0	1	0	0	0	0
GCF_001425235.1	1	0	0	0	0	0	1	1	0	1	1	0	0	0	0	1	0	0	0	0
GCF_001424865.1	1	0	0	0	0	0	1	1	0	1	1	0	0	0	0	1	0	0	0	0
GCF_001402915.1	1	0	0	0	0	0	1	1	0	0	1	0	0	0	0	0	0	0	0	0
GCF_051861085.1	1	0	0	0	0	0	1	1	0	0	1	0	0	0	1	0	0	0	0	0
GCF_001899085.1	1	0	0	0	0	0	1	1	0	0	1	0	0	0	1	0	0	0	0	0
GCF_017307535.1	1	0	0	0	0	0	1	1	0	0	1	0	0	0	1	0	0	0	0	0
GCF_017307495.1	1	0	1	0	0	0	1	0	0	0	1	0	0	0	0	0	0	0	0	0
GCF_057657195.1	1	0	0	0	0	0	1	1	0	0	1	0	0	0	0	0	0	0	0	0
GCF_049354815.1	1	0	0	1	0	0	1	0	0	0	0	0	0	0	0	0	0	0	0	0
GCF_028613635.1	1	0	0	0	0	0	1	0	0	0	0	0	0	0	0	0	0	0	0	0
GCF_965229025.1	1	0	0	0	0	0	1	0	0	1	0	0	0	0	0	0	0	0	0	0
GCA_041916695.1	1	1	1	1	0	0	1	1	0	0	0	0	0	0	0	1	0	0	0	0
GCF_054605195.1	1	1	0	1	0	0	1	0	0	0	0	1	0	0	0	0	0	0	0	0
GCF_055633315.1	1	1	0	1	0	0	1	0	0	0	0	1	0	0	0	0	0	0	0	0
GCF_014652635.1	1	1	0	1	1	0	0	0	0	1	0	0	0	0	0	0	0	0	0	0
GCF_030160115.1	1	1	1	1	0	1	0	0	0	0	0	0	0	0	1	0	0	0	0	0
GCF_042431865.1	1	1	1	1	0	1	0	0	0	0	0	0	0	0	1	0	0	0	0	0
GCF_003056345.1	1	1	1	0	0	0	0	0	0	0	0	1	1	0	0	0	0	0	0	0
GCF_003056355.1	1	1	1	0	0	0	0	0	0	0	1	0	0	0	0	0	0	0	0	0
GCF_000971295.1	1	1	1	0	0	0	0	0	0	0	0	0	0	0	0	0	0	0	0	0
GCF_040546815.1	1	1	0	0	0	0	0	0	0	0	0	0	0	0	0	0	0	0	0	0
